048|12003777|573
048|12003778|5
048|12003780|6486
048|12077014|298
048|12112702|25972
048|12162636|413
048|12170579|0
048|12180615|2220
048|12188190|541
048|12204872|0
048|12221085|0
048|12227325|345
048|12234462|1067
048|12260258|12
048|12262529|2156
048|12266894|8824
048|12275268|111
048|12276820|1324
048|12276821|2269
048|12295077|353
048|12295078|0
048|12295209|458
048|12302494|1670
048|12307075|303
048|12314295|14067
048|12323614|3253
048|12325763|350
048|12330319|9650
048|12334105|0
048|12338581|1866
048|12338582|1999
048|12339724|353
048|12339825|0
048|12340511|2276
048|12341117|0
048|12341295|0
048|12341298|2219
048|12341330|0
048|12342970|8119
048|12343058|0
048|12348027|1710
048|12354527|748
048|12357039|20719
048|12365968|6301
048|12370836|8805
048|12374032|568
048|12377462|82
048|12377653|114
048|12377654|0
048|12378932|0
048|12380801|1065
048|12381789|1023
048|12382642|6
048|12382645|6
048|12382649|227
048|12394214|238
048|12394215|153
048|12410097|0
048|12412409|800
048|12412410|0
048|12417009|8860
048|12417162|662
048|12423463|4093
048|12423492|239
048|12423857|0
048|12423921|2342
048|12425922|496
048|22357040|0
048|22357041|0
048|3401003354|132
048|3401003361|1531
048|3401003378|13
048|BN000002|0
048|BN000005|0
048|BN000009|0
048|BN000013|0
048|BN000059|0
048|BN000070|0
048|BN000084|0
048|BN000098|0
048|BN000100|0
048|BN000121|0
048|BN000129|0
048|BN000132|0
048|BN000133|0
048|BN000134|0
048|BN000139|0
048|BN000140|0
048|BN000141|0
048|BN000142|0
048|BN000143|0
048|BN000144|0
048|BN000145|0
048|BN000146|0
048|BN000147|0
048|BN000148|0
048|BN000149|0
048|BN000150|0
048|BN000151|0
048|BN000152|0
048|BN000153|0
048|BN000155|0
048|BN000156|0
048|BN000157|0
048|BN000158|0
048|BN000159|0
048|BN000160|0
048|BN000161|0
048|BN000162|0
048|BN000163|0
048|BN000164|0
048|BN000166|0
048|BN000167|0
048|BN000168|0
048|BN000169|0
048|BN000170|0
048|BN000171|0
048|BN000172|0
048|BN000173|0
048|BN000174|0
048|BN000176|0
048|BN000177|0
048|BN000178|0
048|BN000179|0
048|BN000180|0
048|BN000182|0
048|BN000186|0
048|BN000187|0
048|BN000188|0
048|BN000192|0
048|BN000193|0
048|BN000195|0
048|BN000202|0
048|BN000203|0
048|BN000204|0
048|BN000211|0
048|BN000216|0
048|BN000217|0
048|BN000218|0
048|BN000219|0
048|BN000220|0
048|BN000221|0
048|BN000222|0
048|BN000223|0
048|BN000224|0
048|BN000225|0
048|BN000226|0
048|BN000227|0
048|BN000228|0
048|BN000229|0
048|BN000230|1
048|BN000231|0
048|BN000232|0
048|BN000233|0
048|BN000234|0
048|BN000235|0
048|BN000236|0
048|BN000237|0
048|BN000238|0
048|BN000239|0
048|BN000240|0
048|BN000241|0
048|BN000242|1
048|BN000243|0
048|BN000244|0
048|BN000245|0
048|BN000246|0
048|BN000247|78
048|BN000248|0
048|BN000249|0
048|BN000250|0
048|BN000251|3
048|BN000252|0
048|BN000253|3
048|BN000254|0
048|BN000256|0
048|BN000257|0
048|BN000258|0
048|BN000259|7
048|BN000260|16
048|BN000261|0
048|BN000262|2
048|BN000263|0
048|BN000264|4
048|BN000265|4856
048|BN000266|0
048|BN000267|0
048|BN000268|125
048|BN000269|0
048|BN000270|2
048|BN000271|43
048|BN000272|60
048|BN000273|462
048|BN000274|0
048|BN000275|0
048|BN000276|0
048|BN000277|52
048|BN000278|80
048|BN000279|30
048|BNOOO181|0
048|CA12262529|0
048|L01084|0
048|L01085|0
048|NEMAYP054|0
048|P0600013|0
048|P0600014|0
048|VADHP0002|0
048|VADHP0003|0
048|VAMAYP082|0
048|VAMAYP083|0
